# R script for Peak Model
#  -- generated by MACS
p <- c(0.018805291645544783,0.02371101990090429,0.028616748156263798,0.031887233659836804,0.03434009778751656,0.036792961915196314,0.03842820466698282,0.03924582604287607,0.03924582604287607,0.03597534053930306,0.036792961915196314,0.03434009778751656,0.03434009778751656,0.03434009778751656,0.032704855035730056,0.0302519909080503,0.031069612283943553,0.03515771916340981,0.03515771916340981,0.03842820466698282,0.03597534053930306,0.03597534053930306,0.03597534053930306,0.037610583291089565,0.04006344741876931,0.041698690170555816,0.041698690170555816,0.03924582604287607,0.03924582604287607,0.036792961915196314,0.03842820466698282,0.04006344741876931,0.04006344741876931,0.040881068794662564,0.04006344741876931,0.041698690170555816,0.03924582604287607,0.03842820466698282,0.03924582604287607,0.03842820466698282,0.03842820466698282,0.03924582604287607,0.036792961915196314,0.03352247641162331,0.032704855035730056,0.028616748156263798,0.03352247641162331,0.03597534053930306,0.03434009778751656,0.03434009778751656,0.03352247641162331,0.03434009778751656,0.03352247641162331,0.03515771916340981,0.036792961915196314,0.036792961915196314,0.032704855035730056,0.032704855035730056,0.03597534053930306,0.036792961915196314,0.03597534053930306,0.03515771916340981,0.03434009778751656,0.03434009778751656,0.03597534053930306,0.036792961915196314,0.036792961915196314,0.041698690170555816,0.03842820466698282,0.041698690170555816,0.04415155429823557,0.04823966117770183,0.052327768057168086,0.05396301080895459,0.04987490392948833,0.05069252530538158,0.05314538943306134,0.04823966117770183,0.05069252530538158,0.045786797050022074,0.045786797050022074,0.040881068794662564,0.04333393292234232,0.04251631154644907,0.04415155429823557,0.04823966117770183,0.04905728255359508,0.045786797050022074,0.04496917567412882,0.04333393292234232,0.04333393292234232,0.04251631154644907,0.03924582604287607,0.040881068794662564,0.04251631154644907,0.03515771916340981,0.03434009778751656,0.037610583291089565,0.03515771916340981,0.040881068794662564,0.036792961915196314,0.03515771916340981,0.03352247641162331,0.031069612283943553,0.03352247641162331,0.037610583291089565,0.036792961915196314,0.04006344741876931,0.04333393292234232,0.03924582604287607,0.041698690170555816,0.04496917567412882,0.04742203980180858,0.04823966117770183,0.04823966117770183,0.051510146681274835,0.04987490392948833,0.04823966117770183,0.04987490392948833,0.05478063218484784,0.056415874936634344,0.05396301080895459,0.05396301080895459,0.05069252530538158,0.05314538943306134,0.051510146681274835,0.05314538943306134,0.05069252530538158,0.046604418425915325,0.04333393292234232,0.04333393292234232,0.046604418425915325,0.04742203980180858,0.04987490392948833,0.052327768057168086,0.04987490392948833,0.05069252530538158,0.05069252530538158,0.052327768057168086,0.05396301080895459,0.05478063218484784,0.057233496312527596,0.057233496312527596,0.05968636044020735,0.05314538943306134,0.052327768057168086,0.052327768057168086,0.05314538943306134,0.05478063218484784,0.052327768057168086,0.051510146681274835,0.04823966117770183,0.04987490392948833,0.052327768057168086,0.051510146681274835,0.05559825356074109,0.052327768057168086,0.04987490392948833,0.052327768057168086,0.057233496312527596,0.05805111768842085,0.062139224567887105,0.06295684594378036,0.05805111768842085,0.057233496312527596,0.056415874936634344,0.05968636044020735,0.061321603191993854,0.0588687390643141,0.05805111768842085,0.05968636044020735,0.056415874936634344,0.05478063218484784,0.05396301080895459,0.05396301080895459,0.051510146681274835,0.04742203980180858,0.04823966117770183,0.04905728255359508,0.04905728255359508,0.04415155429823557,0.04496917567412882,0.04333393292234232,0.04905728255359508,0.05069252530538158,0.052327768057168086,0.05559825356074109,0.056415874936634344,0.0588687390643141,0.062139224567887105,0.06540971007146011,0.06540971007146011,0.06622733144735336,0.062139224567887105,0.061321603191993854,0.061321603191993854,0.06459208869556686,0.06540971007146011,0.0588687390643141,0.05396301080895459,0.05069252530538158,0.04905728255359508,0.04987490392948833,0.05396301080895459,0.057233496312527596,0.05805111768842085,0.05559825356074109,0.05559825356074109,0.056415874936634344,0.05478063218484784,0.057233496312527596,0.05805111768842085,0.057233496312527596,0.05559825356074109,0.052327768057168086,0.05069252530538158,0.05478063218484784,0.057233496312527596,0.0605039818161006,0.06295684594378036,0.06459208869556686,0.06540971007146011,0.06459208869556686,0.061321603191993854,0.06540971007146011,0.06459208869556686,0.06295684594378036,0.0605039818161006,0.05968636044020735,0.0588687390643141,0.05968636044020735,0.05559825356074109,0.05805111768842085,0.0605039818161006,0.057233496312527596,0.06868019557503312,0.06622733144735336,0.06704495282324661,0.06704495282324661,0.06786257419913987,0.06622733144735336,0.06868019557503312,0.06540971007146011,0.06704495282324661,0.07113305970271287,0.06377446731967361,0.06868019557503312,0.06459208869556686,0.06540971007146011,0.07031543832681962,0.07031543832681962,0.07195068107860612,0.07440354520628588,0.07440354520628588,0.07522116658217913,0.07522116658217913,0.07195068107860612,0.07522116658217913,0.08012689483753863,0.07603878795807238,0.07849165208575214,0.07849165208575214,0.07603878795807238,0.07603878795807238,0.07195068107860612,0.07113305970271287,0.07031543832681962,0.06786257419913987,0.0588687390643141,0.057233496312527596,0.05968636044020735,0.056415874936634344,0.057233496312527596,0.05396301080895459,0.05396301080895459,0.0588687390643141,0.057233496312527596,0.06540971007146011,0.07031543832681962,0.07358592383039263,0.06949781695092637,0.07358592383039263,0.07440354520628588,0.07440354520628588,0.07930927346164539,0.07849165208575214,0.08421500171700488,0.08094451621343188,0.08012689483753863,0.07767403070985889,0.08012689483753863,0.08176213758932513,0.08421500171700488,0.08339738034111163,0.08666786584468464,0.08830310859647114,0.08748548722057789,0.0891207299723644,0.0956617009795104,0.10138505061076317,0.10547315749022942,0.10710840024201593,0.11364937124916194,0.1161022353768417,0.11283174987326869,0.11037888574558893,0.11119650712148219,0.11119650712148219,0.10383791473844292,0.10465553611433617,0.10220267198665642,0.10302029336254967,0.09484407960361715,0.10302029336254967,0.10465553611433617,0.10547315749022942,0.10710840024201593,0.11119650712148219,0.1193727208804147,0.12019034225630795,0.11528461400094844,0.11364937124916194,0.11855509950452145,0.11201412849737544,0.10465553611433617,0.10547315749022942,0.10547315749022942,0.10138505061076317,0.0940264582277239,0.0907559727241509,0.09647932235540366,0.09157359410004415,0.08830310859647114,0.08585024446879139,0.08666786584468464,0.08748548722057789,0.08421500171700488,0.08585024446879139,0.08666786584468464,0.08748548722057789,0.08257975896521838,0.08421500171700488,0.0891207299723644,0.0891207299723644,0.0940264582277239,0.0923912154759374,0.0940264582277239,0.08993835134825764,0.0923912154759374,0.0907559727241509,0.0907559727241509,0.0907559727241509,0.08830310859647114,0.0940264582277239,0.09647932235540366,0.0940264582277239,0.0891207299723644,0.0907559727241509,0.0956617009795104,0.09974980785897666,0.10874364299380243,0.11201412849737544,0.11446699262505519,0.1161022353768417,0.11364937124916194,0.11855509950452145,0.12754893463934722,0.12509607051166746,0.12427844913577421,0.12427844913577421,0.12264320638398771,0.12346082775988096,0.12019034225630795,0.1177374781286282,0.1210079636322012,0.11855509950452145,0.11691985675273495,0.12346082775988096,0.12019034225630795,0.1177374781286282,0.1177374781286282,0.12019034225630795,0.12182558500809446,0.12836655601524047,0.13163704151881347,0.139813255277746,0.13899563390185274,0.13654276977417298,0.13899563390185274,0.13572514839827973,0.13899563390185274,0.139813255277746,0.13654276977417298,0.13163704151881347,0.12918417739113372,