# R script for Peak Model
#  -- generated by MACS
p <- c(0.0027119624664394644,0.0036159499552526194,0.005423924932878929,0.006327912421692084,0.007231899910505239,0.008135887399318394,0.008135887399318394,0.009039874888131549,0.010847849865757857,0.010847849865757857,0.011751837354571013,0.011751837354571013,0.011751837354571013,0.012655824843384168,0.012655824843384168,0.011751837354571013,0.014463799821010478,0.014463799821010478,0.011751837354571013,0.012655824843384168,0.012655824843384168,0.012655824843384168,0.014463799821010478,0.015367787309823633,0.014463799821010478,0.014463799821010478,0.014463799821010478,0.016271774798636788,0.017175762287449943,0.01898373726507625,0.021695699731515715,0.02259968722032887,0.023503674709142025,0.021695699731515715,0.023503674709142025,0.023503674709142025,0.023503674709142025,0.02079171224270256,0.021695699731515715,0.019887724753889405,0.017175762287449943,0.016271774798636788,0.012655824843384168,0.012655824843384168,0.012655824843384168,0.014463799821010478,0.013559812332197323,0.01898373726507625,0.017175762287449943,0.017175762287449943,0.01898373726507625,0.021695699731515715,0.02259968722032887,0.02259968722032887,0.02259968722032887,0.021695699731515715,0.02440766219795518,0.02079171224270256,0.02259968722032887,0.02440766219795518,0.025311649686768335,0.02440766219795518,0.025311649686768335,0.02621563717558149,0.028927599642020956,0.028927599642020956,0.028927599642020956,0.032543549597273576,0.03344753708608673,0.03344753708608673,0.030735574619647266,0.030735574619647266,0.03163956210846042,0.03344753708608673,0.032543549597273576,0.03525551206371304,0.03525551206371304,0.032543549597273576,0.03163956210846042,0.030735574619647266,0.032543549597273576,0.034351524574899886,0.03706348704133935,0.03887146201896566,0.04067943699659197,0.03887146201896566,0.034351524574899886,0.034351524574899886,0.034351524574899886,0.034351524574899886,0.03344753708608673,0.03344753708608673,0.028927599642020956,0.025311649686768335,0.02259968722032887,0.023503674709142025,0.025311649686768335,0.027119624664394645,0.0280236121532078,0.032543549597273576,0.034351524574899886,0.03344753708608673,0.034351524574899886,0.036159499552526196,0.036159499552526196,0.036159499552526196,0.03706348704133935,0.034351524574899886,0.032543549597273576,0.030735574619647266,0.032543549597273576,0.030735574619647266,0.02983158713083411,0.03344753708608673,0.03344753708608673,0.034351524574899886,0.03706348704133935,0.036159499552526196,0.03887146201896566,0.03706348704133935,0.036159499552526196,0.04158342448540512,0.04158342448540512,0.0379674745301525,0.03887146201896566,0.036159499552526196,0.0379674745301525,0.04519937444065774,0.04429538695184459,0.04429538695184459,0.04519937444065774,0.04158342448540512,0.04519937444065774,0.04700734941828405,0.04881532439591036,0.05152728686234982,0.04791133690709721,0.04248741197421828,0.04158342448540512,0.04429538695184459,0.04248741197421828,0.04067943699659197,0.03887146201896566,0.04067943699659197,0.03977544950777881,0.03887146201896566,0.04248741197421828,0.04429538695184459,0.04700734941828405,0.04429538695184459,0.04429538695184459,0.04519937444065774,0.04519937444065774,0.04248741197421828,0.04429538695184459,0.04881532439591036,0.04519937444065774,0.04429538695184459,0.04429538695184459,0.04519937444065774,0.04700734941828405,0.04881532439591036,0.05423924932878929,0.05152728686234982,0.04881532439591036,0.04519937444065774,0.04248741197421828,0.04700734941828405,0.04700734941828405,0.04791133690709721,0.04971931188472352,0.0461033619294709,0.04158342448540512,0.0461033619294709,0.04881532439591036,0.04881532439591036,0.05514323681760244,0.05423924932878929,0.05514323681760244,0.05423924932878929,0.05243127435116298,0.05785519928404191,0.06147114923929453,0.06418311170573399,0.06418311170573399,0.0659910866833603,0.06689507417217345,0.0677990616609866,0.06960703663861292,0.08045488650437078,0.08316684897081024,0.08678279892606286,0.08316684897081024,0.08135887399318394,0.0840708364596234,0.08678279892606286,0.0840708364596234,0.07864691152674447,0.07683893654911816,0.06689507417217345,0.06418311170573399,0.06508709919454715,0.06870304914979977,0.06508709919454715,0.06689507417217345,0.0659910866833603,0.06689507417217345,0.0677990616609866,0.07503096157149185,0.07683893654911816,0.07774292403793132,0.07774292403793132,0.08226286148199709,0.08678279892606286,0.08859077390368918,0.08949476139250233,0.0922067238589418,0.0940146988365681,0.09039874888131548,0.0922067238589418,0.09763064879182072,0.09130273637012863,0.08859077390368918,0.08678279892606286,0.0840708364596234,0.08587881143724971,0.08587881143724971,0.09039874888131548,0.08768678641487601,0.08859077390368918,0.08859077390368918,0.09491868632538125,0.09491868632538125,0.10034261125826019,0.09763064879182072,0.09943862376944704,0.10034261125826019,0.10305457372469964,0.10486254870232596,0.10215058623588649,0.09943862376944704,0.09672666130300757,0.10034261125826019,0.09853463628063387,0.09491868632538125,0.09491868632538125,0.09491868632538125,0.09582267381419442,0.09582267381419442,0.09853463628063387,0.09491868632538125,0.09672666130300757,0.10215058623588649,0.10124659874707334,0.10395856121351281,0.10395856121351281,0.10305457372469964,0.09763064879182072,0.09853463628063387,0.09763064879182072,0.10395856121351281,0.10395856121351281,0.10034261125826019,0.09853463628063387,0.10395856121351281,0.09853463628063387,0.10215058623588649,0.10667052367995226,0.1139024235904575,0.11480641107927066,0.11571039856808382,0.11751837354571013,0.11661438605689697,0.12113432350096275,0.12113432350096275,0.12655824843384167,0.12836622341146797,0.1220383109897759,0.1139024235904575,0.11119046112401805,0.11661438605689697,0.11119046112401805,0.10847849865757858,0.11028647363520488,0.10576653619113911,0.10938248614639173,0.10486254870232596,0.10486254870232596,0.11028647363520488,0.1139024235904575,0.10305457372469964,0.1120944486128312,0.10847849865757858,0.10576653619113911,0.11661438605689697,0.10847849865757858,0.11119046112401805,0.11299843610164435,0.10667052367995226,0.10757451116876543,0.1120944486128312,0.10395856121351281,0.10395856121351281,0.10667052367995226,0.10215058623588649,0.1139024235904575,0.1120944486128312,0.11480641107927066,0.11932634852333644,0.11932634852333644,0.12384628596740221,0.12927021090028115,0.1419260357436653,0.14554198569891794,0.14463799821010478,0.14463799821010478,0.15186989812061,0.15186989812061,0.16000578551992842,0.15638983556467578,0.15277388560942318,0.14915793565417054,0.14102204825485215,0.1383100857884127,0.14102204825485215,0.1355981233219732,0.12836622341146797,0.12565426094502852,0.1220383109897759,0.12475027345621537,0.12927021090028115,0.1355981233219732,0.14102204825485215,0.13921407327722585,0.13921407327722585,0.14102204825485215,0.14554198569891794,0.15638983556467578,0.15367787309823633,0.1581978105423021,0.16181376049755472,0.15910179803111524,0.15910179803111524,0.15910179803111524,0.1581978105423021,0.15729382305348893,0.15548584807586263,0.15367787309823633,0.15186989812061,0.15458186058704948,0.15277388560942318,0.15729382305348893,0.15458186058704948,0.15548584807586263,0.16090977300874157,0.15910179803111524,0.15910179803111524,0.15458186058704948,0.15548584807586263,0.15277388560942318,0.14283002323247845,0.1383100857884127,0.13288616085553376,0.1319821733667206,0.1220383109897759,0.12746223592265482,0.13107818587790745,0.12927021090028115,0.1301741983890943,0.13469413583316006,0.1383100857884127,0.140118060766039,0.1383100857884127,0.14283002323247845,0.1482539481653574,0.1383100857884127,0.13740609829959954,0.1355981233219732,0.1355981233219732,0.13288616085553376,0.1383100857884127,0.140118060766039,0.14283002323247845,0.1419260357436653,0.1419260357436653,0.15186989812061,0.1500619231429837,0.15458186058704948,0.15458186058704948,0.15548584807586263,0.14554198569891794,0.1437340107212916,0.14554198569891794,0.1437340107212916,0.140118060766039,0.1319821733667206,